%YAML:1.0
---
CM1: !!opencv-matrix
   rows: 3
   cols: 3
   dt: d
   data: [ 7.7363895745452965e+02, 0., 3.3188832034405931e+02, 0.,
       7.7296039088486555e+02, 2.3846623204673389e+02, 0., 0., 1. ]
CM2: !!opencv-matrix
   rows: 3
   cols: 3
   dt: d
   data: [ 7.7363895745452965e+02, 0., 3.4617313678681927e+02, 0.,
       7.7296039088486555e+02, 2.1858730212127358e+02, 0., 0., 1. ]
D1: !!opencv-matrix
   rows: 1
   cols: 5
   dt: d
   data: [ -3.5794923496378750e-02, 1.9036105258572922e-01, 0., 0.,
       -6.3270506120835557e-01 ]
D2: !!opencv-matrix
   rows: 1
   cols: 5
   dt: d
   data: [ -7.8993171105333174e-02, 5.8227576219558519e-01, 0., 0.,
       -1.4506568877620929e+00 ]
R: !!opencv-matrix
   rows: 3
   cols: 3
   dt: d
   data: [ 9.9987675862320102e-01, 1.2941925105143105e-03,
       1.5645850277522029e-02, -1.3950976990565632e-03,
       9.9997828896048968e-01, 6.4401327673794997e-03,
       -1.5637175818254224e-02, -6.4611665662724343e-03,
       9.9985685578438277e-01 ]
T: !!opencv-matrix
   rows: 3
   cols: 1
   dt: d
   data: [ -1.9163637825150197e+00, 2.4716186567223290e-02,
       -8.8792499871609781e-02 ]
E: !!opencv-matrix
   rows: 3
   cols: 3
   dt: d
   data: [ -5.1036556717280691e-04, 8.8630876695842950e-02,
       2.5284484076004768e-02, -1.1874807436059824e-01,
       -1.2496860188725104e-02, 1.9147002319657762e+00,
       -2.2039625806819490e-02, -1.9163541637687651e+00,
       -1.2728342944456376e-02 ]
F: !!opencv-matrix
   rows: 3
   cols: 3
   dt: d
   data: [ -2.6810031580014344e-08, 4.6599590018213705e-06,
       -7.4782096841565098e-05, -6.2434354560725840e-06,
       -6.5762611774830654e-07, 8.0110779214345187e-02,
       4.7832501312477388e-04, -7.9418513078779743e-02, 1. ]
R1: !!opencv-matrix
   rows: 3
   cols: 3
   dt: d
   data: [ 9.9801659756064753e-01, -1.1888595755552928e-02,
       6.1818543208568340e-02, 1.1684997554813717e-02,
       9.9992505185181890e-01, 3.6539719869300253e-03,
       -6.1857350619086329e-02, -2.9243751637435512e-03,
       9.9808071627714023e-01 ]
R2: !!opencv-matrix
   rows: 3
   cols: 3
   dt: d
   data: [ 9.9884541816092398e-01, -1.2882548674908298e-02,
       4.6280347433520275e-02, 1.3034822491434681e-02,
       9.9991057279103268e-01, -2.9899537330250023e-03,
       -4.6237690486717845e-02, 3.5897577003830392e-03,
       9.9892401593820290e-01 ]
P1: !!opencv-matrix
   rows: 3
   cols: 4
   dt: d
   data: [ 7.5660909070713637e+02, 0., 2.9144421768188477e+02, 0., 0.,
       7.5660909070713637e+02, 2.2839035224914551e+02, 0., 0., 0., 1.,
       0. ]
P2: !!opencv-matrix
   rows: 3
   cols: 4
   dt: d
   data: [ 7.5660909070713637e+02, 0., 2.9144421768188477e+02,
       -1.4516142664221320e+03, 0., 7.5660909070713637e+02,
       2.2839035224914551e+02, 0., 0., 0., 1., 0. ]
Q: !!opencv-matrix
   rows: 4
   cols: 4
   dt: d
   data: [ 1., 0., 0., -2.9144421768188477e+02, 0., 1., 0.,
       -2.2839035224914551e+02, 0., 0., 0., 7.5660909070713637e+02, 0.,
       0., 5.2121910634840307e-01, 0. ]
